470.0 246.0 108.0 0.0 0.0 2.0 8.0 0.0 4.0 18.0 6.0 0.0 6.0 4.0 0.0 6.0 2.0 6.0 0.0 14.0 0.0 0.0 0.0 4.0 0.0 2.0 28.0 4.0 0.0 0.0 0.0 0.0 0.0 0.0 0.0 0.0 0.0
246.0 432.0 8.0 4.0 2.0 12.0 2.0 0.0 2.0 22.0 16.0 2.0 2.0 6.0 0.0 10.0 0.0 16.0 0.0 0.0 0.0 4.0 2.0 2.0 0.0 24.0 18.0 0.0 2.0 2.0 0.0 14.0 0.0 0.0 8.0 0.0 6.0
108.0 8.0 254.0 50.0 6.0 0.0 0.0 0.0 2.0 36.0 8.0 0.0 14.0 4.0 0.0 8.0 2.0 4.0 0.0 0.0 0.0 0.0 0.0 0.0 0.0 0.0 0.0 2.0 0.0 0.0 0.0 0.0 0.0 0.0 0.0 2.0 0.0
0.0 4.0 50.0 342.0 4.0 8.0 24.0 0.0 0.0 18.0 4.0 104.0 32.0 0.0 6.0 0.0 0.0 4.0 2.0 0.0 0.0 60.0 0.0 14.0 0.0 0.0 0.0 0.0 0.0 0.0 0.0 0.0 0.0 0.0 0.0 2.0 4.0
0.0 2.0 6.0 4.0 126.0 16.0 50.0 0.0 20.0 0.0 0.0 0.0 2.0 0.0 2.0 0.0 4.0 0.0 0.0 2.0 0.0 0.0 0.0 6.0 0.0 0.0 2.0 0.0 0.0 2.0 0.0 0.0 0.0 8.0 0.0 0.0 0.0
2.0 12.0 0.0 8.0 16.0 776.0 140.0 130.0 0.0 4.0 0.0 0.0 2.0 6.0 38.0 0.0 4.0 172.0 8.0 50.0 0.0 14.0 16.0 92.0 46.0 0.0 0.0 0.0 4.0 0.0 0.0 0.0 0.0 4.0 0.0 2.0 0.0
8.0 2.0 0.0 24.0 50.0 140.0 324.0 0.0 4.0 0.0 0.0 2.0 0.0 0.0 0.0 0.0 2.0 4.0 0.0 4.0 0.0 0.0 0.0 84.0 0.0 0.0 0.0 0.0 0.0 0.0 0.0 0.0 0.0 0.0 0.0 0.0 0.0
0.0 0.0 0.0 0.0 0.0 130.0 0.0 132.0 0.0 0.0 0.0 0.0 0.0 0.0 0.0 0.0 2.0 0.0 0.0 0.0 0.0 0.0 0.0 0.0 0.0 0.0 0.0 0.0 0.0 0.0 0.0 0.0 0.0 0.0 0.0 0.0 0.0
4.0 2.0 2.0 0.0 20.0 0.0 4.0 0.0 424.0 2.0 46.0 2.0 44.0 0.0 4.0 6.0 6.0 0.0 0.0 0.0 0.0 0.0 0.0 0.0 0.0 0.0 6.0 0.0 6.0 6.0 2.0 0.0 2.0 2.0 0.0 0.0 256.0
18.0 22.0 36.0 18.0 0.0 4.0 0.0 0.0 2.0 506.0 292.0 6.0 18.0 12.0 2.0 36.0 8.0 8.0 0.0 0.0 0.0 2.0 2.0 6.0 0.0 6.0 4.0 0.0 0.0 2.0 0.0 0.0 0.0 0.0 2.0 0.0 0.0
6.0 16.0 8.0 4.0 0.0 0.0 0.0 0.0 46.0 292.0 486.0 2.0 36.0 8.0 0.0 6.0 16.0 0.0 0.0 0.0 0.0 0.0 0.0 4.0 0.0 0.0 2.0 0.0 0.0 0.0 0.0 0.0 40.0 0.0 0.0 0.0 0.0
0.0 2.0 0.0 104.0 0.0 0.0 2.0 0.0 2.0 6.0 2.0 202.0 52.0 10.0 10.0 0.0 0.0 2.0 0.0 0.0 0.0 4.0 0.0 4.0 0.0 0.0 2.0 0.0 0.0 0.0 0.0 0.0 0.0 0.0 0.0 0.0 0.0
6.0 2.0 14.0 32.0 2.0 2.0 0.0 0.0 44.0 18.0 36.0 52.0 234.0 6.0 2.0 2.0 6.0 2.0 0.0 0.0 0.0 0.0 0.0 2.0 0.0 0.0 4.0 0.0 0.0 0.0 0.0 0.0 0.0 2.0 0.0 0.0 0.0
4.0 6.0 4.0 0.0 0.0 6.0 0.0 0.0 0.0 12.0 8.0 10.0 6.0 128.0 0.0 0.0 2.0 40.0 8.0 0.0 4.0 8.0 10.0 0.0 0.0 0.0 0.0 0.0 0.0 0.0 0.0 0.0 0.0 0.0 0.0 0.0 0.0
0.0 0.0 0.0 6.0 2.0 38.0 0.0 0.0 4.0 2.0 0.0 10.0 2.0 0.0 82.0 0.0 0.0 2.0 0.0 0.0 0.0 0.0 0.0 14.0 2.0 0.0 0.0 0.0 0.0 0.0 0.0 0.0 0.0 0.0 0.0 0.0 0.0
6.0 10.0 8.0 0.0 0.0 0.0 0.0 0.0 6.0 36.0 6.0 0.0 2.0 0.0 0.0 96.0 2.0 6.0 2.0 0.0 0.0 0.0 2.0 0.0 0.0 0.0 8.0 0.0 0.0 0.0 0.0 0.0 0.0 2.0 0.0 0.0 0.0
2.0 0.0 2.0 0.0 4.0 4.0 2.0 2.0 6.0 8.0 16.0 0.0 6.0 2.0 0.0 2.0 60.0 0.0 0.0 0.0 0.0 0.0 0.0 0.0 0.0 0.0 0.0 0.0 0.0 0.0 0.0 0.0 2.0 2.0 0.0 0.0 0.0
6.0 16.0 4.0 4.0 0.0 172.0 4.0 0.0 0.0 8.0 0.0 2.0 2.0 40.0 2.0 6.0 0.0 1200.0 88.0 30.0 32.0 68.0 666.0 2.0 6.0 22.0 2.0 2.0 0.0 0.0 0.0 0.0 0.0 0.0 0.0 2.0 0.0
0.0 0.0 0.0 2.0 0.0 8.0 0.0 0.0 0.0 0.0 0.0 0.0 0.0 8.0 0.0 2.0 0.0 88.0 244.0 20.0 38.0 24.0 44.0 0.0 6.0 4.0 0.0 0.0 0.0 0.0 0.0 0.0 0.0 0.0 0.0 0.0 0.0
14.0 0.0 0.0 0.0 2.0 50.0 4.0 0.0 0.0 0.0 0.0 0.0 0.0 0.0 0.0 0.0 0.0 30.0 20.0 216.0 14.0 4.0 2.0 0.0 0.0 20.0 2.0 18.0 20.0 6.0 2.0 0.0 0.0 2.0 2.0 4.0 0.0
0.0 0.0 0.0 0.0 0.0 0.0 0.0 0.0 0.0 0.0 0.0 0.0 0.0 4.0 0.0 0.0 0.0 32.0 38.0 14.0 118.0 2.0 14.0 0.0 0.0 8.0 2.0 0.0 0.0 0.0 0.0 0.0 0.0 0.0 4.0 0.0 0.0
0.0 4.0 0.0 60.0 0.0 14.0 0.0 0.0 0.0 2.0 0.0 4.0 0.0 8.0 0.0 0.0 0.0 68.0 24.0 4.0 2.0 222.0 24.0 2.0 2.0 0.0 2.0 0.0 0.0 0.0 0.0 0.0 0.0 0.0 0.0 2.0 0.0
0.0 2.0 0.0 0.0 0.0 16.0 0.0 0.0 0.0 2.0 0.0 0.0 0.0 10.0 0.0 2.0 0.0 666.0 44.0 2.0 14.0 24.0 796.0 0.0 2.0 12.0 0.0 0.0 0.0 0.0 0.0 0.0 0.0 0.0 0.0 0.0 0.0
4.0 2.0 0.0 14.0 6.0 92.0 84.0 0.0 0.0 6.0 4.0 4.0 2.0 0.0 14.0 0.0 0.0 2.0 0.0 0.0 0.0 2.0 0.0 298.0 10.0 0.0 48.0 0.0 0.0 2.0 0.0 0.0 0.0 2.0 0.0 0.0 0.0
0.0 0.0 0.0 0.0 0.0 46.0 0.0 0.0 0.0 0.0 0.0 0.0 0.0 0.0 2.0 0.0 0.0 6.0 6.0 0.0 0.0 2.0 2.0 10.0 74.0 0.0 0.0 0.0 0.0 0.0 0.0 0.0 0.0 0.0 0.0 0.0 0.0
2.0 24.0 0.0 0.0 0.0 0.0 0.0 0.0 0.0 6.0 0.0 0.0 0.0 0.0 0.0 0.0 0.0 22.0 4.0 20.0 8.0 0.0 12.0 0.0 0.0 194.0 12.0 28.0 10.0 8.0 0.0 14.0 4.0 0.0 14.0 4.0 2.0
28.0 18.0 0.0 0.0 2.0 0.0 0.0 0.0 6.0 4.0 2.0 2.0 4.0 0.0 0.0 8.0 0.0 2.0 0.0 2.0 2.0 2.0 0.0 48.0 0.0 12.0 356.0 4.0 24.0 12.0 112.0 14.0 2.0 36.0 2.0 6.0 2.0
4.0 0.0 2.0 0.0 0.0 0.0 0.0 0.0 0.0 0.0 0.0 0.0 0.0 0.0 0.0 0.0 0.0 2.0 0.0 18.0 0.0 0.0 0.0 0.0 0.0 28.0 4.0 106.0 22.0 2.0 0.0 0.0 0.0 2.0 14.0 4.0 4.0
0.0 2.0 0.0 0.0 0.0 4.0 0.0 0.0 6.0 0.0 0.0 0.0 0.0 0.0 0.0 0.0 0.0 0.0 0.0 20.0 0.0 0.0 0.0 0.0 0.0 10.0 24.0 22.0 172.0 16.0 34.0 8.0 4.0 6.0 4.0 6.0 6.0
0.0 2.0 0.0 0.0 2.0 0.0 0.0 0.0 6.0 2.0 0.0 0.0 0.0 0.0 0.0 0.0 0.0 0.0 0.0 6.0 0.0 0.0 0.0 2.0 0.0 8.0 12.0 2.0 16.0 94.0 14.0 2.0 2.0 6.0 4.0 8.0 0.0
0.0 0.0 0.0 0.0 0.0 0.0 0.0 0.0 2.0 0.0 0.0 0.0 0.0 0.0 0.0 0.0 0.0 0.0 0.0 2.0 0.0 0.0 0.0 0.0 0.0 0.0 112.0 0.0 34.0 14.0 182.0 10.0 2.0 0.0 0.0 6.0 0.0
0.0 14.0 0.0 0.0 0.0 0.0 0.0 0.0 0.0 0.0 0.0 0.0 0.0 0.0 0.0 0.0 0.0 0.0 0.0 0.0 0.0 0.0 0.0 0.0 0.0 14.0 14.0 0.0 8.0 2.0 10.0 82.0 4.0 2.0 14.0 0.0 0.0
0.0 0.0 0.0 0.0 0.0 0.0 0.0 0.0 2.0 0.0 40.0 0.0 0.0 0.0 0.0 0.0 2.0 0.0 0.0 0.0 0.0 0.0 0.0 0.0 0.0 4.0 2.0 0.0 4.0 2.0 2.0 4.0 68.0 0.0 4.0 2.0 0.0
0.0 0.0 0.0 0.0 8.0 4.0 0.0 0.0 2.0 0.0 0.0 0.0 2.0 0.0 0.0 2.0 2.0 0.0 0.0 2.0 0.0 0.0 0.0 2.0 0.0 0.0 36.0 2.0 6.0 6.0 0.0 2.0 0.0 166.0 36.0 26.0 28.0
0.0 8.0 0.0 0.0 0.0 0.0 0.0 0.0 0.0 2.0 0.0 0.0 0.0 0.0 0.0 0.0 0.0 0.0 0.0 2.0 4.0 0.0 0.0 0.0 0.0 14.0 2.0 14.0 4.0 4.0 0.0 14.0 4.0 36.0 148.0 30.0 10.0
0.0 0.0 2.0 2.0 0.0 2.0 0.0 0.0 0.0 0.0 0.0 0.0 0.0 0.0 0.0 0.0 0.0 2.0 0.0 4.0 0.0 2.0 0.0 0.0 0.0 4.0 6.0 4.0 6.0 8.0 6.0 0.0 2.0 26.0 30.0 118.0 12.0
0.0 6.0 0.0 4.0 0.0 0.0 0.0 0.0 256.0 0.0 0.0 0.0 0.0 0.0 0.0 0.0 0.0 0.0 0.0 0.0 0.0 0.0 0.0 0.0 0.0 2.0 2.0 4.0 6.0 0.0 0.0 0.0 0.0 28.0 10.0 12.0 330.0
