115.0 109.0
83.0 85.0
103.0 106.0
40.0 42.0
29.0 59.0
39.0 5.0
14.0 20.0
47.0 46.0
100.0 83.0
107.0 108.0
39.0 5.0
14.0 20.0
88.0 83.0
82.0 52.0
87.0 118.0
13.0 65.0
112.0 116.0
72.0 107.0
93.0 92.0
53.0 56.0
14.0 20.0
20.0 3.0
30.0 31.0
19.0 87.0
34.0 24.0
91.0 72.0
54.0 55.0
26.0 35.0
112.0 113.0
52.0 54.0
79.0 43.0
10.0 0.0
73.0 98.0
3.0 10.0
20.0 15.0
17.0 9.0
14.0 20.0
17.0 14.0
65.0 69.0
93.0 92.0
39.0 42.0
74.0 43.0
66.0 20.0
37.0 90.0
109.0 115.0
42.0 39.0
21.0 118.0
42.0 39.0
46.0 47.0
20.0 12.0
17.0 9.0
20.0 4.0
88.0 89.0
72.0 70.0
65.0 13.0
12.0 20.0
7.0 6.0
8.0 3.0
13.0 65.0
2.0 5.0
9.0 17.0
32.0 59.0
74.0 77.0
66.0 67.0
14.0 20.0
93.0 119.0
112.0 113.0
103.0 102.0
5.0 10.0
114.0 55.0
52.0 82.0
59.0 55.0
79.0 78.0
9.0 11.0
20.0 14.0
49.0 58.0
19.0 87.0
20.0 14.0
20.0 14.0
93.0 92.0
20.0 3.0
20.0 3.0
20.0 14.0
70.0 72.0
7.0 4.0
44.0 43.0
77.0 78.0
93.0 92.0
1.0 50.0
29.0 59.0
14.0 17.0
3.0 18.0
78.0 79.0
55.0 54.0
13.0 68.0
73.0 98.0
14.0 20.0
10.0 0.0
2.0 62.0
71.0 72.0
7.0 71.0
78.0 80.0
73.0 98.0
71.0 36.0
85.0 84.0
17.0 14.0
90.0 37.0
106.0 103.0
10.0 5.0
20.0 14.0
4.0 7.0
77.0 78.0
26.0 35.0
18.0 3.0
29.0 59.0
20.0 14.0
46.0 68.0
93.0 92.0
13.0 68.0
49.0 12.0
33.0 43.0
7.0 22.0
5.0 42.0
13.0 17.0
114.0 111.0
73.0 98.0
3.0 14.0
43.0 33.0
14.0 20.0
7.0 4.0
93.0 92.0
51.0 24.0
7.0 5.0
15.0 3.0
29.0 59.0
3.0 4.0
9.0 17.0
14.0 13.0
72.0 70.0
117.0 119.0
105.0 72.0
58.0 59.0
14.0 20.0
21.0 118.0
22.0 68.0
5.0 2.0
29.0 59.0
72.0 79.0
118.0 87.0
83.0 85.0
51.0 29.0
9.0 15.0
113.0 112.0
114.0 110.0
23.0 24.0
3.0 13.0
58.0 48.0
113.0 112.0
111.0 60.0
28.0 31.0
14.0 20.0
113.0 112.0
1.0 9.0
55.0 54.0
59.0 29.0
84.0 55.0
4.0 7.0
3.0 19.0
113.0 112.0
9.0 5.0
101.0 53.0
7.0 5.0
113.0 112.0
19.0 13.0
119.0 117.0
73.0 79.0
78.0 79.0
79.0 80.0
119.0 93.0
34.0 79.0
108.0 107.0
107.0 91.0
5.0 61.0
77.0 80.0
23.0 71.0
24.0 51.0
23.0 77.0
36.0 71.0
90.0 37.0
78.0 79.0
78.0 79.0
48.0 38.0
109.0 115.0
68.0 77.0
39.0 109.0
77.0 68.0
115.0 39.0
78.0 74.0
71.0 36.0
14.0 20.0
96.0 100.0
72.0 94.0
108.0 107.0
55.0 114.0
51.0 24.0
9.0 7.0
85.0 84.0
51.0 24.0
70.0 72.0
20.0 14.0
78.0 79.0
93.0 119.0
80.0 77.0
72.0 70.0
116.0 112.0
3.0 16.0
13.0 17.0
49.0 16.0
29.0 59.0
29.0 59.0
29.0 59.0
15.0 27.0
13.0 49.0
20.0 14.0
14.0 20.0
50.0 57.0
4.0 3.0
17.0 13.0
59.0 48.0
93.0 94.0
17.0 14.0
20.0 14.0
20.0 14.0
13.0 65.0
14.0 20.0
102.0 112.0
9.0 17.0
2.0 61.0
4.0 7.0
95.0 96.0
94.0 72.0
49.0 58.0
29.0 59.0
17.0 9.0
94.0 72.0
106.0 79.0
46.0 47.0
13.0 21.0
5.0 61.0
20.0 14.0
59.0 114.0
76.0 91.0
81.0 87.0
76.0 97.0
39.0 5.0
17.0 13.0
32.0 59.0
15.0 27.0
60.0 32.0
2.0 62.0
7.0 4.0
5.0 62.0
93.0 92.0
91.0 74.0
23.0 77.0
31.0 28.0
71.0 91.0
52.0 89.0
112.0 116.0
29.0 32.0
63.0 24.0
54.0 55.0
1.0 9.0
13.0 65.0
58.0 109.0
14.0 20.0
3.0 49.0
14.0 20.0
108.0 97.0
50.0 57.0
36.0 25.0
9.0 7.0
77.0 26.0
1.0 50.0
5.0 62.0
69.0 65.0
29.0 59.0
64.0 63.0
3.0 18.0
72.0 94.0
103.0 102.0
14.0 20.0
111.0 114.0
14.0 13.0
57.0 50.0
57.0 50.0
93.0 92.0
34.0 26.0
107.0 72.0
66.0 78.0
80.0 76.0
34.0 78.0
90.0 37.0
100.0 99.0
33.0 34.0
72.0 94.0
13.0 20.0
11.0 5.0
4.0 87.0
111.0 60.0
3.0 20.0
17.0 13.0
93.0 92.0
105.0 72.0
68.0 46.0
7.0 4.0
105.0 94.0
65.0 66.0
32.0 59.0
19.0 13.0
91.0 120.0
94.0 72.0
5.0 9.0
16.0 60.0
56.0 53.0
105.0 72.0
93.0 92.0
83.0 23.0
103.0 102.0
77.0 23.0
93.0 92.0
33.0 34.0
84.0 87.0
66.0 68.0
65.0 118.0
119.0 117.0
20.0 14.0
117.0 119.0
93.0 119.0
19.0 13.0
13.0 19.0
13.0 19.0
21.0 118.0
72.0 70.0
66.0 68.0
109.0 115.0
109.0 115.0
14.0 20.0
17.0 13.0
80.0 76.0
29.0 59.0
76.0 108.0
84.0 81.0
118.0 19.0
20.0 14.0
3.0 49.0
108.0 107.0
29.0 59.0
83.0 85.0
13.0 19.0
81.0 87.0
74.0 80.0
13.0 21.0
113.0 112.0
72.0 105.0
14.0 17.0
19.0 13.0
51.0 29.0
28.0 31.0
22.0 3.0
13.0 17.0
17.0 14.0
31.0 28.0
13.0 65.0
53.0 56.0
31.0 28.0
52.0 89.0
84.0 81.0
111.0 60.0
28.0 31.0
118.0 119.0
64.0 62.0
3.0 7.0
15.0 27.0
110.0 32.0
5.0 7.0
17.0 9.0
9.0 5.0
79.0 96.0
77.0 78.0
29.0 31.0
7.0 20.0
41.0 61.0
118.0 21.0
14.0 20.0
5.0 62.0
79.0 106.0
38.0 64.0
52.0 54.0
115.0 109.0
17.0 9.0
70.0 72.0
112.0 116.0
79.0 78.0
41.0 42.0
114.0 110.0
49.0 62.0
3.0 20.0
94.0 108.0
20.0 14.0
113.0 112.0
100.0 78.0
79.0 107.0
113.0 105.0
72.0 70.0
87.0 118.0
70.0 72.0
69.0 65.0
79.0 100.0
118.0 19.0
113.0 112.0
94.0 72.0
109.0 39.0
114.0 110.0
103.0 89.0
4.0 3.0
81.0 83.0
44.0 43.0
82.0 52.0
32.0 59.0
115.0 109.0
93.0 92.0
14.0 20.0
43.0 75.0
18.0 3.0
72.0 94.0
77.0 80.0
61.0 62.0
70.0 72.0
105.0 106.0
14.0 20.0
107.0 72.0
3.0 9.0
39.0 42.0
118.0 21.0
73.0 98.0
79.0 78.0
14.0 20.0
86.0 88.0
79.0 78.0
3.0 19.0
5.0 10.0
26.0 35.0
39.0 115.0
3.0 17.0
72.0 107.0
7.0 20.0
118.0 119.0
52.0 82.0
20.0 3.0
81.0 84.0
114.0 102.0
33.0 43.0
21.0 118.0
94.0 72.0
93.0 92.0
72.0 70.0
20.0 14.0
42.0 41.0
73.0 98.0
14.0 20.0
23.0 24.0
103.0 101.0
102.0 113.0
31.0 28.0
7.0 3.0
19.0 3.0
87.0 81.0
17.0 14.0
17.0 14.0
32.0 29.0
21.0 118.0
50.0 57.0
38.0 40.0
35.0 101.0
69.0 65.0
80.0 76.0
112.0 116.0
19.0 118.0
60.0 111.0
95.0 99.0
2.0 5.0
57.0 50.0
79.0 78.0
93.0 92.0
99.0 95.0
35.0 26.0
35.0 26.0
33.0 34.0
20.0 14.0
20.0 14.0
29.0 32.0
73.0 98.0
30.0 89.0
64.0 62.0
69.0 65.0
81.0 87.0
14.0 20.0
20.0 14.0
46.0 117.0
7.0 4.0
87.0 82.0
95.0 75.0
23.0 71.0
79.0 43.0
66.0 67.0
37.0 86.0
54.0 55.0
9.0 17.0
86.0 81.0
112.0 116.0
35.0 51.0
50.0 32.0
103.0 102.0
50.0 32.0
59.0 55.0
84.0 55.0
111.0 59.0
71.0 72.0
85.0 81.0
5.0 2.0
14.0 20.0
51.0 35.0
66.0 67.0
20.0 15.0
27.0 64.0
90.0 37.0
60.0 29.0
111.0 114.0
79.0 78.0
20.0 3.0
32.0 111.0
66.0 67.0
99.0 95.0
80.0 78.0
111.0 60.0
64.0 62.0
27.0 15.0
22.0 3.0
84.0 85.0
22.0 7.0
100.0 73.0
9.0 17.0
43.0 44.0
51.0 24.0
61.0 5.0
83.0 100.0
70.0 72.0
105.0 72.0
93.0 92.0
26.0 77.0
26.0 35.0
20.0 7.0
118.0 119.0
62.0 16.0
20.0 14.0
107.0 72.0
80.0 77.0
100.0 73.0
84.0 27.0
66.0 17.0
94.0 72.0
113.0 112.0
23.0 24.0
29.0 51.0
20.0 13.0
65.0 66.0
94.0 105.0
118.0 13.0
20.0 14.0
7.0 4.0
72.0 70.0
9.0 1.0
75.0 78.0
111.0 55.0
55.0 54.0
3.0 7.0
118.0 13.0
24.0 23.0
50.0 57.0
79.0 78.0
66.0 20.0
26.0 35.0
20.0 13.0
43.0 34.0
66.0 67.0
30.0 20.0
46.0 117.0
51.0 24.0
32.0 59.0
20.0 14.0
103.0 102.0
14.0 20.0
20.0 66.0
4.0 3.0
20.0 14.0
14.0 20.0
74.0 100.0
77.0 26.0
66.0 67.0
14.0 17.0
66.0 67.0
81.0 84.0
42.0 39.0
59.0 32.0
20.0 14.0
49.0 13.0
23.0 71.0
29.0 59.0
1.0 50.0
29.0 32.0
10.0 64.0
4.0 7.0
14.0 17.0
13.0 65.0
17.0 14.0
20.0 13.0
49.0 16.0
14.0 20.0
17.0 14.0
53.0 56.0
50.0 57.0
8.0 3.0
87.0 81.0
103.0 102.0
68.0 77.0
59.0 29.0
8.0 3.0
17.0 14.0
20.0 14.0
17.0 3.0
73.0 98.0
5.0 63.0
17.0 14.0
84.0 81.0
66.0 68.0
72.0 94.0
24.0 51.0
29.0 59.0
87.0 19.0
100.0 97.0
20.0 14.0
35.0 26.0
85.0 88.0
7.0 104.0
17.0 13.0
20.0 14.0
13.0 68.0
13.0 66.0
17.0 13.0
5.0 10.0
32.0 59.0
52.0 54.0
14.0 20.0
118.0 3.0
87.0 81.0
90.0 37.0
14.0 17.0
65.0 13.0
90.0 37.0
81.0 87.0
9.0 64.0
20.0 14.0
78.0 34.0
59.0 32.0
110.0 114.0
0.0 9.0
20.0 14.0
30.0 20.0
66.0 67.0
14.0 13.0
66.0 20.0
34.0 43.0
33.0 43.0
118.0 119.0
66.0 67.0
19.0 87.0
20.0 14.0
66.0 68.0
20.0 14.0
72.0 70.0
79.0 78.0
32.0 59.0
1.0 50.0
35.0 26.0
9.0 7.0
36.0 71.0
105.0 106.0
19.0 7.0
59.0 32.0
69.0 65.0
30.0 3.0
90.0 79.0
112.0 116.0
48.0 109.0
93.0 119.0
66.0 67.0
75.0 78.0
61.0 5.0
22.0 74.0
24.0 51.0
32.0 59.0
20.0 3.0
54.0 55.0
5.0 61.0
118.0 119.0
19.0 87.0
3.0 20.0
66.0 67.0
49.0 18.0
54.0 55.0
17.0 13.0
66.0 68.0
39.0 42.0
93.0 92.0
17.0 9.0
5.0 61.0
20.0 14.0
49.0 53.0
68.0 77.0
20.0 14.0
11.0 6.0
20.0 14.0
7.0 6.0
112.0 116.0
4.0 7.0
118.0 93.0
66.0 67.0
20.0 14.0
49.0 19.0
21.0 118.0
3.0 18.0
70.0 72.0
71.0 23.0
14.0 20.0
14.0 20.0
19.0 7.0
51.0 24.0
72.0 70.0
32.0 59.0
72.0 79.0
20.0 14.0
35.0 26.0
3.0 118.0
13.0 65.0
54.0 55.0
9.0 17.0
7.0 6.0
14.0 13.0
40.0 39.0
77.0 26.0
3.0 4.0
1.0 50.0
9.0 17.0
61.0 5.0
66.0 68.0
74.0 79.0
87.0 118.0
107.0 108.0
29.0 51.0
22.0 74.0
72.0 94.0
4.0 7.0
105.0 106.0
3.0 20.0
5.0 7.0
105.0 72.0
36.0 71.0
14.0 20.0
103.0 102.0
118.0 119.0
20.0 14.0
79.0 78.0
49.0 18.0
9.0 7.0
69.0 65.0
65.0 69.0
78.0 77.0
22.0 74.0
113.0 102.0
67.0 66.0
7.0 4.0
82.0 52.0
88.0 89.0
14.0 20.0
3.0 14.0
116.0 112.0
32.0 59.0
31.0 28.0
31.0 28.0
39.0 109.0
14.0 20.0
20.0 16.0
32.0 59.0
8.0 9.0
40.0 61.0
13.0 19.0
61.0 5.0
3.0 20.0
43.0 79.0
118.0 117.0
99.0 43.0
97.0 100.0
34.0 79.0
117.0 120.0
72.0 70.0
77.0 63.0
35.0 101.0
1.0 50.0
13.0 118.0
118.0 13.0
118.0 13.0
84.0 55.0
66.0 67.0
67.0 66.0
90.0 37.0
18.0 12.0
51.0 24.0
9.0 17.0
20.0 7.0
16.0 8.0
22.0 118.0
17.0 13.0
55.0 54.0
14.0 20.0
9.0 15.0
93.0 92.0
93.0 92.0
32.0 27.0
79.0 96.0
35.0 26.0
27.0 58.0
37.0 94.0
50.0 63.0
9.0 17.0
83.0 88.0
38.0 40.0
103.0 102.0
105.0 106.0
66.0 67.0
69.0 49.0
39.0 6.0
105.0 72.0
33.0 43.0
29.0 59.0
69.0 65.0
34.0 66.0
60.0 29.0
66.0 86.0
6.0 7.0
72.0 105.0
29.0 28.0
87.0 83.0
72.0 105.0
97.0 99.0
93.0 92.0
38.0 42.0
113.0 112.0
7.0 20.0
20.0 14.0
77.0 91.0
7.0 13.0
2.0 5.0
93.0 92.0
118.0 119.0
86.0 82.0
20.0 14.0
93.0 92.0
111.0 114.0
10.0 5.0
4.0 7.0
118.0 119.0
49.0 13.0
14.0 3.0
103.0 102.0
91.0 94.0
46.0 47.0
3.0 14.0
100.0 96.0
81.0 35.0
110.0 114.0
20.0 12.0
23.0 36.0
13.0 12.0
13.0 65.0
118.0 13.0
114.0 111.0
5.0 2.0
76.0 79.0
77.0 91.0
78.0 77.0
90.0 37.0
99.0 95.0
11.0 5.0
13.0 5.0
55.0 111.0
100.0 99.0
17.0 13.0
20.0 14.0
79.0 78.0
20.0 14.0
111.0 29.0
0.0 10.0
94.0 72.0
2.0 5.0
120.0 11.0
5.0 11.0
64.0 62.0
64.0 62.0
17.0 13.0
78.0 34.0
72.0 107.0
103.0 102.0
20.0 14.0
55.0 54.0
9.0 17.0
73.0 98.0
118.0 19.0
105.0 72.0
55.0 54.0
74.0 72.0
20.0 13.0
33.0 43.0
79.0 78.0
90.0 37.0
72.0 70.0
112.0 116.0
83.0 55.0
9.0 17.0
29.0 59.0
42.0 39.0
93.0 92.0
19.0 87.0
106.0 105.0
3.0 49.0
14.0 20.0
119.0 93.0
73.0 98.0
33.0 43.0
7.0 105.0
86.0 65.0
72.0 70.0
94.0 108.0
115.0 109.0
14.0 3.0
114.0 83.0
51.0 24.0
72.0 105.0
86.0 81.0
86.0 87.0
29.0 60.0
67.0 66.0
108.0 107.0
47.0 46.0
109.0 115.0
107.0 120.0
31.0 29.0
66.0 13.0
3.0 9.0
103.0 102.0
28.0 31.0
65.0 13.0
20.0 13.0
4.0 7.0
16.0 3.0
105.0 106.0
93.0 92.0
118.0 21.0
66.0 67.0
36.0 91.0
13.0 17.0
113.0 112.0
18.0 3.0
109.0 115.0
7.0 10.0
59.0 29.0
4.0 7.0
32.0 59.0
83.0 85.0
118.0 87.0
9.0 17.0
7.0 4.0
81.0 84.0
4.0 3.0
29.0 31.0
32.0 27.0
19.0 13.0
5.0 61.0
7.0 5.0
73.0 79.0
79.0 78.0
113.0 112.0
13.0 19.0
79.0 78.0
22.0 14.0
72.0 36.0
105.0 106.0
79.0 78.0
28.0 32.0
72.0 107.0
26.0 35.0
89.0 52.0
17.0 13.0
100.0 97.0
103.0 102.0
93.0 92.0
5.0 39.0
3.0 20.0
113.0 112.0
20.0 3.0
72.0 70.0
113.0 112.0
103.0 101.0
19.0 13.0
93.0 92.0
72.0 94.0
0.0 10.0
113.0 112.0
115.0 109.0
113.0 112.0
53.0 56.0
3.0 30.0
87.0 118.0
7.0 4.0
72.0 70.0
80.0 77.0
13.0 19.0
105.0 106.0
10.0 7.0
72.0 70.0
17.0 14.0
9.0 3.0
93.0 92.0
78.0 79.0
33.0 43.0
59.0 32.0
118.0 119.0
70.0 72.0
48.0 58.0
74.0 77.0
113.0 112.0
119.0 118.0
87.0 81.0
42.0 39.0
20.0 14.0
100.0 97.0
29.0 31.0
115.0 39.0
118.0 21.0
118.0 87.0
79.0 43.0
93.0 92.0
85.0 84.0
54.0 55.0
83.0 85.0
70.0 72.0
14.0 17.0
118.0 93.0
118.0 19.0
112.0 114.0
3.0 18.0
14.0 17.0
20.0 14.0
84.0 55.0
30.0 25.0
83.0 88.0
113.0 112.0
14.0 20.0
12.0 18.0
43.0 75.0
94.0 72.0
118.0 21.0
81.0 84.0
32.0 59.0
91.0 90.0
34.0 43.0
29.0 59.0
32.0 59.0
87.0 84.0
107.0 105.0
23.0 25.0
9.0 17.0
9.0 17.0
59.0 29.0
105.0 72.0
13.0 49.0
50.0 29.0
77.0 80.0
59.0 32.0
69.0 65.0
55.0 54.0
7.0 4.0
20.0 14.0
23.0 24.0
13.0 12.0
73.0 98.0
67.0 66.0
25.0 56.0
20.0 13.0
16.0 20.0
29.0 59.0
73.0 98.0
113.0 112.0
59.0 29.0
99.0 91.0
20.0 13.0
55.0 54.0
59.0 29.0
14.0 17.0
113.0 112.0
55.0 112.0
66.0 67.0
17.0 13.0
35.0 34.0
68.0 13.0
24.0 63.0
22.0 74.0
90.0 37.0
95.0 34.0
32.0 110.0
80.0 77.0
34.0 77.0
23.0 24.0
93.0 92.0
95.0 100.0
65.0 69.0
54.0 55.0
85.0 84.0
66.0 67.0
112.0 116.0
66.0 67.0
7.0 5.0
57.0 50.0
3.0 20.0
71.0 23.0
29.0 3.0
3.0 4.0
65.0 66.0
77.0 26.0
77.0 23.0
9.0 5.0
24.0 51.0
5.0 39.0
20.0 14.0
93.0 92.0
15.0 27.0
15.0 27.0
13.0 118.0
111.0 59.0
82.0 52.0
7.0 4.0
79.0 78.0
66.0 67.0
4.0 7.0
83.0 88.0
118.0 119.0
63.0 24.0
94.0 72.0
49.0 16.0
93.0 92.0
71.0 23.0
79.0 43.0
11.0 18.0
11.0 5.0
5.0 9.0
20.0 3.0
90.0 37.0
12.0 13.0
12.0 18.0
14.0 17.0
66.0 13.0
13.0 66.0
66.0 13.0
103.0 106.0
17.0 9.0
25.0 30.0
14.0 3.0
69.0 65.0
49.0 29.0
30.0 89.0
20.0 14.0
14.0 20.0
74.0 107.0
54.0 55.0
14.0 20.0
77.0 80.0
13.0 17.0
77.0 23.0
86.0 84.0
50.0 57.0
49.0 60.0
81.0 53.0
112.0 116.0
43.0 75.0
34.0 44.0
3.0 8.0
82.0 52.0
68.0 78.0
43.0 66.0
14.0 20.0
17.0 14.0
102.0 113.0
72.0 70.0
29.0 59.0
27.0 15.0
29.0 59.0
64.0 10.0
66.0 86.0
32.0 59.0
26.0 77.0
0.0 5.0
93.0 92.0
66.0 68.0
6.0 7.0
8.0 3.0
16.0 8.0
24.0 51.0
20.0 13.0
20.0 14.0
70.0 72.0
14.0 20.0
105.0 72.0
67.0 66.0
0.0 9.0
51.0 24.0
10.0 5.0
23.0 55.0
17.0 14.0
93.0 92.0
40.0 38.0
7.0 3.0
83.0 88.0
72.0 107.0
3.0 8.0
2.0 5.0
103.0 102.0
113.0 112.0
72.0 105.0
35.0 26.0
14.0 20.0
43.0 75.0
89.0 52.0
3.0 7.0
113.0 112.0
35.0 26.0
75.0 43.0
85.0 52.0
9.0 17.0
20.0 14.0
7.0 66.0
43.0 75.0
79.0 78.0
49.0 16.0
77.0 80.0
3.0 7.0
89.0 52.0
49.0 12.0
9.0 17.0
62.0 2.0
82.0 52.0
7.0 66.0
112.0 116.0
51.0 24.0
118.0 19.0
117.0 119.0
105.0 107.0
119.0 117.0
42.0 61.0
34.0 77.0
32.0 59.0
23.0 81.0
25.0 23.0
34.0 104.0
20.0 14.0
10.0 30.0
108.0 107.0
20.0 14.0
5.0 61.0
30.0 17.0
111.0 60.0
112.0 116.0
49.0 16.0
9.0 17.0
20.0 3.0
62.0 2.0
29.0 59.0
56.0 53.0
3.0 8.0
17.0 13.0
112.0 53.0
19.0 13.0
10.0 6.0
58.0 29.0
103.0 101.0
4.0 18.0
111.0 32.0
17.0 9.0
81.0 53.0
82.0 52.0
15.0 27.0
15.0 49.0
2.0 62.0
101.0 53.0
3.0 4.0
118.0 21.0
11.0 5.0
59.0 32.0
9.0 17.0
5.0 41.0
87.0 19.0
18.0 3.0
52.0 55.0
115.0 39.0
20.0 14.0
3.0 14.0
111.0 114.0
49.0 3.0
7.0 4.0
32.0 59.0
27.0 15.0
113.0 112.0
58.0 48.0
113.0 112.0
111.0 60.0
113.0 112.0
119.0 93.0
119.0 13.0
79.0 43.0
119.0 93.0
9.0 15.0
17.0 14.0
20.0 14.0
119.0 117.0
40.0 38.0
5.0 10.0
29.0 59.0
62.0 2.0
72.0 107.0
67.0 66.0
105.0 72.0
118.0 66.0
118.0 19.0
17.0 30.0
10.0 5.0
16.0 8.0
49.0 16.0
49.0 29.0
3.0 49.0
20.0 14.0
89.0 52.0
79.0 78.0
59.0 10.0
17.0 14.0
29.0 59.0
6.0 7.0
100.0 97.0
14.0 20.0
20.0 14.0
14.0 3.0
7.0 3.0
93.0 92.0
14.0 20.0
13.0 65.0
9.0 17.0
105.0 107.0
20.0 3.0
20.0 14.0
72.0 70.0
34.0 104.0
26.0 77.0
3.0 19.0
5.0 61.0
90.0 86.0
39.0 71.0
13.0 65.0
84.0 87.0
64.0 10.0
102.0 113.0
66.0 67.0
49.0 16.0
10.0 30.0
118.0 119.0
3.0 8.0
70.0 72.0
93.0 92.0
7.0 66.0
42.0 39.0
34.0 77.0
113.0 112.0
51.0 24.0
9.0 7.0
20.0 14.0
108.0 107.0
24.0 23.0
53.0 56.0
99.0 96.0
83.0 85.0
90.0 37.0
49.0 53.0
118.0 69.0
13.0 17.0
13.0 17.0
13.0 17.0
63.0 96.0
78.0 79.0
34.0 104.0
51.0 84.0
54.0 55.0
7.0 9.0
69.0 68.0
84.0 55.0
7.0 6.0
70.0 72.0
68.0 13.0
72.0 70.0
93.0 92.0
14.0 17.0
3.0 27.0
50.0 57.0
119.0 118.0
35.0 26.0
19.0 87.0
19.0 13.0
13.0 49.0
65.0 13.0
66.0 67.0
118.0 13.0
69.0 68.0
20.0 13.0
11.0 6.0
66.0 67.0
66.0 67.0
94.0 91.0
80.0 91.0
87.0 84.0
20.0 66.0
11.0 5.0
68.0 13.0
2.0 5.0
105.0 72.0
14.0 17.0
103.0 89.0
0.0 10.0
76.0 91.0
80.0 74.0
20.0 14.0
80.0 76.0
113.0 112.0
69.0 68.0
111.0 114.0
27.0 32.0
105.0 106.0
5.0 11.0
29.0 32.0
9.0 7.0
90.0 37.0
11.0 5.0
64.0 62.0
12.0 13.0
20.0 3.0
65.0 13.0
103.0 102.0
69.0 12.0
13.0 19.0
66.0 67.0
93.0 81.0
36.0 76.0
13.0 20.0
66.0 13.0
14.0 20.0
16.0 49.0
15.0 27.0
16.0 49.0
9.0 13.0
3.0 49.0
72.0 79.0
93.0 92.0
110.0 32.0
44.0 45.0
91.0 107.0
14.0 20.0
74.0 66.0
8.0 3.0
51.0 29.0
34.0 35.0
108.0 79.0
1.0 3.0
17.0 7.0
79.0 43.0
3.0 18.0
105.0 72.0
72.0 70.0
119.0 117.0
103.0 102.0
100.0 83.0
11.0 6.0
39.0 42.0
7.0 5.0
13.0 65.0
83.0 85.0
69.0 65.0
49.0 16.0
72.0 108.0
29.0 59.0
107.0 108.0
94.0 72.0
23.0 25.0
72.0 105.0
7.0 4.0
76.0 80.0
118.0 13.0
13.0 9.0
70.0 72.0
3.0 20.0
72.0 108.0
17.0 13.0
72.0 94.0
29.0 51.0
43.0 45.0
36.0 70.0
103.0 102.0
32.0 50.0
105.0 72.0
20.0 14.0
79.0 78.0
19.0 3.0
17.0 14.0
10.0 9.0
82.0 84.0
115.0 39.0
113.0 112.0
118.0 21.0
118.0 69.0
20.0 13.0
82.0 52.0
32.0 59.0
114.0 110.0
29.0 31.0
3.0 13.0
31.0 28.0
20.0 14.0
55.0 54.0
58.0 53.0
3.0 16.0
3.0 19.0
9.0 5.0
28.0 31.0
99.0 43.0
97.0 100.0
91.0 80.0
79.0 78.0
108.0 107.0
90.0 37.0
72.0 70.0
86.0 88.0
17.0 9.0
118.0 9.0
112.0 113.0
111.0 60.0
20.0 7.0
80.0 77.0
3.0 20.0
21.0 118.0
113.0 112.0
72.0 70.0
72.0 94.0
79.0 78.0
91.0 72.0
107.0 72.0
103.0 101.0
61.0 5.0
4.0 3.0
91.0 80.0
14.0 17.0
34.0 104.0
115.0 39.0
82.0 52.0
3.0 18.0
105.0 106.0
22.0 74.0
113.0 112.0
14.0 20.0
79.0 106.0
110.0 114.0
94.0 72.0
43.0 45.0
113.0 102.0
5.0 6.0
100.0 99.0
72.0 70.0
103.0 102.0
23.0 72.0
72.0 70.0
79.0 78.0
76.0 72.0
26.0 35.0
114.0 110.0
103.0 89.0
4.0 3.0
45.0 44.0
82.0 52.0
54.0 55.0
115.0 109.0
93.0 92.0
14.0 20.0
102.0 114.0
72.0 94.0
19.0 13.0
19.0 16.0
61.0 62.0
14.0 3.0
70.0 72.0
105.0 106.0
14.0 20.0
93.0 118.0
3.0 9.0
39.0 42.0
118.0 21.0
73.0 98.0
29.0 59.0
22.0 68.0
112.0 116.0
29.0 59.0
29.0 59.0
64.0 62.0
105.0 72.0
10.0 0.0
32.0 29.0
14.0 20.0
93.0 84.0
20.0 13.0
62.0 5.0
20.0 3.0
78.0 34.0
119.0 118.0
93.0 92.0
13.0 66.0
2.0 62.0
17.0 9.0
34.0 104.0
20.0 14.0
88.0 83.0
32.0 50.0
13.0 20.0
23.0 24.0
19.0 3.0
24.0 51.0
42.0 39.0
58.0 48.0
39.0 5.0
20.0 13.0
14.0 20.0
74.0 77.0
37.0 90.0
79.0 78.0
66.0 20.0
20.0 13.0
20.0 13.0
79.0 80.0
34.0 78.0
98.0 73.0
65.0 69.0
29.0 59.0
19.0 13.0
99.0 95.0
94.0 72.0
40.0 39.0
73.0 98.0
37.0 90.0
100.0 98.0
51.0 24.0
51.0 24.0
35.0 26.0
8.0 16.0
17.0 7.0
52.0 55.0
12.0 20.0
24.0 23.0
17.0 13.0
14.0 13.0
44.0 43.0
64.0 62.0
51.0 29.0
57.0 50.0
12.0 13.0
23.0 26.0
50.0 57.0
20.0 13.0
71.0 23.0
84.0 35.0
13.0 19.0
108.0 94.0
77.0 63.0
23.0 36.0
29.0 28.0
91.0 66.0
74.0 77.0
77.0 80.0
104.0 34.0
84.0 85.0
24.0 51.0
60.0 16.0
72.0 105.0
34.0 78.0
30.0 25.0
85.0 84.0
68.0 66.0
3.0 118.0
78.0 23.0
90.0 37.0
4.0 7.0
78.0 79.0
71.0 24.0
13.0 118.0
13.0 68.0
119.0 69.0
54.0 55.0
70.0 72.0
78.0 79.0
23.0 55.0
13.0 9.0
43.0 33.0
74.0 79.0
14.0 20.0
2.0 5.0
71.0 36.0
62.0 5.0
87.0 19.0
20.0 14.0
5.0 61.0
59.0 60.0
53.0 101.0
55.0 54.0
101.0 53.0
26.0 35.0
5.0 2.0
90.0 37.0
118.0 87.0
118.0 119.0
24.0 23.0
93.0 92.0
38.0 61.0
107.0 108.0
1.0 8.0
39.0 115.0
72.0 105.0
7.0 6.0
91.0 71.0
71.0 36.0
73.0 98.0
38.0 41.0
83.0 85.0
13.0 17.0
66.0 68.0
51.0 24.0
73.0 98.0
74.0 66.0
84.0 85.0
39.0 115.0
14.0 20.0
29.0 59.0
49.0 65.0
14.0 20.0
14.0 17.0
79.0 76.0
93.0 92.0
113.0 112.0
9.0 3.0
29.0 59.0
14.0 17.0
14.0 12.0
21.0 49.0
8.0 3.0
20.0 14.0
32.0 59.0
13.0 20.0
84.0 81.0
94.0 72.0
114.0 110.0
79.0 78.0
113.0 112.0
85.0 84.0
76.0 78.0
100.0 97.0
32.0 59.0
29.0 59.0
88.0 56.0
2.0 5.0
79.0 91.0
17.0 9.0
64.0 62.0
87.0 19.0
90.0 37.0
5.0 40.0
7.0 66.0
105.0 72.0
74.0 91.0
79.0 78.0
32.0 59.0
30.0 89.0
4.0 3.0
95.0 100.0
2.0 5.0
20.0 14.0
17.0 9.0
15.0 20.0
9.0 17.0
88.0 89.0
13.0 17.0
73.0 98.0
13.0 118.0
33.0 43.0
14.0 20.0
72.0 70.0
13.0 65.0
71.0 72.0
30.0 3.0
21.0 118.0
3.0 18.0
118.0 19.0
118.0 21.0
55.0 54.0
20.0 7.0
23.0 24.0
90.0 79.0
117.0 119.0
20.0 14.0
118.0 49.0
109.0 115.0
49.0 118.0
46.0 99.0
7.0 3.0
7.0 6.0
119.0 118.0
7.0 5.0
17.0 14.0
20.0 13.0
84.0 85.0
42.0 40.0
105.0 106.0
14.0 20.0
28.0 3.0
119.0 69.0
3.0 4.0
7.0 4.0
17.0 13.0
2.0 5.0
62.0 5.0
29.0 31.0
31.0 28.0
73.0 98.0
49.0 16.0
84.0 86.0
77.0 68.0
32.0 60.0
49.0 58.0
55.0 54.0
72.0 70.0
5.0 7.0
10.0 5.0
3.0 7.0
90.0 37.0
60.0 55.0
14.0 20.0
72.0 70.0
103.0 102.0
42.0 40.0
102.0 113.0
24.0 29.0
119.0 69.0
118.0 19.0
13.0 118.0
74.0 66.0
14.0 17.0
105.0 72.0
28.0 3.0
43.0 45.0
22.0 74.0
14.0 17.0
15.0 20.0
14.0 20.0
61.0 5.0
103.0 106.0
49.0 58.0
17.0 9.0
14.0 3.0
3.0 4.0
117.0 119.0
73.0 98.0
72.0 70.0
49.0 118.0
118.0 119.0
119.0 118.0
17.0 9.0
14.0 17.0
18.0 12.0
79.0 90.0
14.0 20.0
84.0 86.0
9.0 3.0
7.0 6.0
32.0 60.0
88.0 89.0
13.0 19.0
93.0 92.0
20.0 14.0
60.0 55.0
79.0 76.0
113.0 112.0
33.0 43.0
66.0 67.0
51.0 29.0
109.0 115.0
30.0 3.0
36.0 72.0
59.0 49.0
21.0 118.0
105.0 106.0
95.0 100.0
39.0 115.0
32.0 110.0
5.0 7.0
3.0 7.0
20.0 7.0
7.0 3.0
72.0 71.0
41.0 63.0
38.0 42.0
73.0 98.0
102.0 113.0
54.0 55.0
5.0 63.0
38.0 58.0
10.0 0.0
59.0 29.0
52.0 89.0
5.0 11.0
3.0 49.0
58.0 53.0
113.0 112.0
53.0 56.0
110.0 32.0
110.0 32.0
55.0 111.0
19.0 118.0
85.0 84.0
27.0 32.0
31.0 28.0
7.0 5.0
19.0 13.0
3.0 4.0
4.0 7.0
14.0 20.0
4.0 3.0
31.0 30.0
113.0 112.0
27.0 32.0
2.0 5.0
59.0 48.0
4.0 7.0
4.0 10.0
10.0 9.0
3.0 4.0
13.0 65.0
118.0 21.0
3.0 4.0
8.0 10.0
70.0 72.0
26.0 77.0
77.0 26.0
39.0 109.0
117.0 119.0
77.0 91.0
66.0 67.0
73.0 98.0
118.0 49.0
63.0 96.0
3.0 119.0
23.0 71.0
71.0 36.0
74.0 43.0
36.0 71.0
62.0 63.0
85.0 84.0
33.0 43.0
118.0 49.0
63.0 8.0
41.0 42.0
13.0 20.0
36.0 71.0
25.0 56.0
66.0 67.0
93.0 92.0
88.0 53.0
17.0 14.0
107.0 108.0
87.0 81.0
66.0 78.0
105.0 94.0
51.0 24.0
94.0 72.0
24.0 51.0
111.0 55.0
34.0 33.0
28.0 29.0
22.0 74.0
22.0 3.0
100.0 96.0
113.0 112.0
33.0 43.0
101.0 53.0
31.0 30.0
33.0 43.0
78.0 79.0
74.0 73.0
87.0 81.0
33.0 43.0
23.0 25.0
100.0 97.0
20.0 14.0
20.0 14.0
69.0 65.0
20.0 13.0
17.0 13.0
12.0 13.0
22.0 3.0
77.0 80.0
17.0 9.0
94.0 47.0
107.0 91.0
84.0 81.0
120.0 11.0
90.0 37.0
93.0 92.0
7.0 66.0
112.0 113.0
5.0 11.0
117.0 119.0
9.0 7.0
51.0 24.0
91.0 94.0
17.0 14.0
72.0 70.0
13.0 65.0
93.0 92.0
93.0 92.0
118.0 119.0
14.0 3.0
3.0 20.0
49.0 16.0
14.0 20.0
78.0 34.0
55.0 54.0
14.0 20.0
8.0 3.0
83.0 88.0
99.0 97.0
93.0 92.0
65.0 13.0
21.0 118.0
32.0 59.0
73.0 98.0
23.0 25.0
105.0 106.0
70.0 72.0
13.0 68.0
73.0 96.0
75.0 80.0
3.0 4.0
59.0 29.0
78.0 79.0
105.0 106.0
20.0 3.0
52.0 55.0
20.0 14.0
20.0 60.0
3.0 16.0
119.0 93.0
19.0 13.0
20.0 3.0
111.0 60.0
79.0 43.0
45.0 43.0
93.0 92.0
48.0 58.0
79.0 80.0
29.0 59.0
49.0 53.0
29.0 59.0
63.0 78.0
59.0 32.0
16.0 60.0
51.0 24.0
84.0 85.0
13.0 65.0
9.0 62.0
5.0 63.0
10.0 0.0
72.0 70.0
29.0 59.0
72.0 94.0
70.0 72.0
0.0 10.0
72.0 107.0
72.0 70.0
68.0 13.0
94.0 107.0
68.0 77.0
3.0 18.0
118.0 19.0
13.0 19.0
64.0 62.0
10.0 8.0
9.0 17.0
102.0 113.0
22.0 74.0
88.0 89.0
20.0 13.0
84.0 27.0
14.0 20.0
3.0 14.0
14.0 20.0
20.0 66.0
116.0 112.0
16.0 3.0
14.0 20.0
20.0 14.0
80.0 77.0
79.0 78.0
80.0 77.0
118.0 117.0
8.0 9.0
32.0 29.0
82.0 84.0
93.0 92.0
79.0 43.0
79.0 44.0
79.0 43.0
72.0 70.0
113.0 112.0
29.0 59.0
79.0 78.0
94.0 93.0
78.0 79.0
70.0 72.0
93.0 92.0
72.0 70.0
42.0 41.0
72.0 100.0
59.0 29.0
119.0 117.0
111.0 114.0
72.0 70.0
75.0 43.0
103.0 102.0
42.0 39.0
102.0 112.0
79.0 78.0
105.0 72.0
44.0 43.0
112.0 116.0
42.0 39.0
20.0 3.0
102.0 113.0
19.0 13.0
115.0 109.0
14.0 20.0
118.0 119.0
3.0 20.0
93.0 92.0
70.0 72.0
36.0 72.0
60.0 29.0
72.0 94.0
113.0 112.0
33.0 43.0
19.0 13.0
17.0 14.0
3.0 19.0
118.0 21.0
34.0 104.0
114.0 110.0
103.0 102.0
111.0 110.0
104.0 66.0
72.0 70.0
80.0 79.0
110.0 114.0
105.0 106.0
72.0 70.0
3.0 30.0
78.0 79.0
87.0 118.0
13.0 12.0
13.0 19.0
10.0 7.0
72.0 70.0
70.0 72.0
118.0 119.0
94.0 91.0
23.0 24.0
29.0 28.0
74.0 77.0
93.0 92.0
113.0 112.0
119.0 118.0
63.0 57.0
53.0 56.0
59.0 32.0
33.0 43.0
14.0 20.0
65.0 13.0
19.0 87.0
28.0 3.0
103.0 102.0
29.0 59.0
24.0 51.0
49.0 3.0
93.0 92.0
100.0 95.0
75.0 63.0
20.0 14.0
66.0 67.0
62.0 16.0
58.0 101.0
23.0 24.0
83.0 85.0
99.0 95.0
96.0 95.0
112.0 116.0
52.0 89.0
20.0 13.0
47.0 46.0
17.0 9.0
106.0 79.0
46.0 47.0
4.0 13.0
99.0 95.0
33.0 95.0
28.0 31.0
100.0 96.0
51.0 29.0
37.0 76.0
51.0 29.0
52.0 89.0
78.0 68.0
23.0 24.0
73.0 98.0
20.0 66.0
77.0 26.0
20.0 14.0
78.0 79.0
14.0 17.0
68.0 66.0
55.0 54.0
2.0 5.0
17.0 13.0
94.0 72.0
73.0 98.0
83.0 85.0
69.0 65.0
66.0 13.0
23.0 25.0
74.0 78.0
28.0 31.0
23.0 24.0
66.0 68.0
23.0 24.0
46.0 47.0
9.0 3.0
83.0 85.0
63.0 62.0
50.0 57.0
66.0 67.0
91.0 79.0
86.0 37.0
7.0 4.0
112.0 116.0
16.0 60.0
9.0 13.0
57.0 50.0
9.0 1.0
81.0 86.0
85.0 84.0
14.0 17.0
5.0 62.0
101.0 53.0
72.0 93.0
62.0 64.0
13.0 17.0
22.0 68.0
52.0 55.0
17.0 14.0
51.0 24.0
63.0 24.0
3.0 18.0
66.0 67.0
112.0 113.0
58.0 53.0
115.0 39.0
105.0 106.0
118.0 119.0
86.0 37.0
65.0 13.0
73.0 98.0
14.0 20.0
118.0 21.0
77.0 79.0
3.0 49.0
14.0 17.0
53.0 56.0
2.0 5.0
10.0 4.0
43.0 35.0
112.0 113.0
66.0 68.0
64.0 38.0
20.0 14.0
5.0 7.0
33.0 43.0
34.0 104.0
66.0 67.0
9.0 17.0
116.0 112.0
103.0 102.0
59.0 29.0
78.0 79.0
100.0 99.0
118.0 86.0
72.0 94.0
93.0 92.0
52.0 89.0
9.0 17.0
72.0 70.0
1.0 50.0
118.0 119.0
3.0 20.0
12.0 20.0
17.0 9.0
16.0 60.0
105.0 72.0
17.0 14.0
118.0 19.0
20.0 14.0
28.0 29.0
70.0 72.0
83.0 85.0
97.0 98.0
13.0 17.0
111.0 60.0
29.0 59.0
14.0 20.0
19.0 13.0
34.0 104.0
32.0 59.0
21.0 118.0
106.0 103.0
66.0 67.0
7.0 22.0
10.0 0.0
34.0 33.0
7.0 5.0
14.0 20.0
13.0 18.0
112.0 113.0
118.0 19.0
97.0 98.0
7.0 22.0
12.0 20.0
33.0 34.0
93.0 92.0
118.0 119.0
105.0 106.0
116.0 112.0
5.0 7.0
3.0 10.0
70.0 72.0
78.0 79.0
118.0 21.0
14.0 20.0
52.0 89.0
83.0 85.0
3.0 28.0
21.0 118.0
69.0 118.0
3.0 19.0
15.0 9.0
20.0 14.0
118.0 119.0
16.0 60.0
58.0 53.0
9.0 17.0
40.0 39.0
43.0 45.0
13.0 69.0
17.0 9.0
72.0 70.0
78.0 83.0
93.0 92.0
33.0 43.0
17.0 14.0
105.0 72.0
34.0 104.0
3.0 20.0
72.0 94.0
118.0 86.0
10.0 0.0
59.0 29.0
32.0 110.0
41.0 9.0
29.0 59.0
42.0 41.0
5.0 62.0
111.0 32.0
65.0 69.0
115.0 109.0
5.0 61.0
27.0 32.0
49.0 3.0
102.0 103.0
20.0 14.0
113.0 112.0
51.0 85.0
31.0 28.0
5.0 62.0
110.0 32.0
64.0 62.0
113.0 112.0
113.0 112.0
103.0 102.0
7.0 5.0
19.0 3.0
14.0 20.0
58.0 48.0
14.0 20.0
45.0 43.0
29.0 51.0
31.0 28.0
102.0 113.0
3.0 4.0
103.0 106.0
81.0 53.0
43.0 78.0
77.0 80.0
119.0 13.0
5.0 61.0
5.0 2.0
59.0 29.0
58.0 53.0
71.0 39.0
78.0 43.0
64.0 62.0
5.0 63.0
109.0 115.0
64.0 62.0
84.0 90.0
36.0 71.0
16.0 60.0
101.0 53.0
36.0 71.0
74.0 75.0
13.0 17.0
45.0 43.0
26.0 35.0
47.0 46.0
14.0 20.0
59.0 60.0
20.0 14.0
78.0 79.0
99.0 100.0
5.0 62.0
79.0 100.0
87.0 19.0
54.0 55.0
5.0 11.0
30.0 89.0
75.0 99.0
3.0 18.0
81.0 84.0
23.0 24.0
20.0 3.0
16.0 7.0
14.0 20.0
3.0 17.0
113.0 112.0
118.0 119.0
33.0 101.0
93.0 81.0
20.0 14.0
3.0 16.0
103.0 89.0
2.0 5.0
37.0 91.0
5.0 2.0
29.0 59.0
107.0 74.0
90.0 91.0
111.0 55.0
46.0 47.0
74.0 120.0
12.0 13.0
105.0 72.0
105.0 106.0
17.0 14.0
30.0 3.0
57.0 50.0
20.0 7.0
108.0 107.0
42.0 39.0
13.0 17.0
116.0 112.0
7.0 14.0
20.0 14.0
108.0 94.0
81.0 87.0
93.0 84.0
21.0 3.0
5.0 62.0
3.0 19.0
105.0 72.0
70.0 72.0
87.0 81.0
20.0 15.0
108.0 72.0
13.0 118.0
105.0 106.0
9.0 17.0
103.0 102.0
28.0 31.0
16.0 60.0
20.0 3.0
60.0 28.0
13.0 65.0
7.0 4.0
93.0 92.0
14.0 20.0
118.0 19.0
106.0 105.0
13.0 65.0
3.0 49.0
58.0 29.0
111.0 32.0
93.0 92.0
30.0 3.0
107.0 74.0
14.0 20.0
79.0 100.0
72.0 70.0
32.0 60.0
7.0 22.0
78.0 79.0
74.0 91.0
20.0 14.0
72.0 105.0
73.0 98.0
52.0 89.0
93.0 92.0
46.0 47.0
20.0 14.0
13.0 118.0
22.0 74.0
20.0 13.0
19.0 13.0
29.0 59.0
112.0 113.0
14.0 17.0
17.0 13.0
59.0 48.0
112.0 53.0
8.0 10.0
19.0 13.0
10.0 6.0
82.0 52.0
15.0 27.0
101.0 53.0
118.0 21.0
9.0 17.0
59.0 32.0
5.0 41.0
3.0 30.0
3.0 14.0
115.0 39.0
111.0 114.0
38.0 42.0
113.0 112.0
94.0 72.0
70.0 72.0
70.0 72.0
107.0 108.0
37.0 91.0
75.0 43.0
74.0 79.0
72.0 107.0
20.0 14.0
119.0 117.0
72.0 70.0
79.0 78.0
93.0 92.0
7.0 6.0
60.0 111.0
42.0 39.0
88.0 89.0
107.0 72.0
90.0 37.0
66.0 7.0
14.0 12.0
36.0 76.0
108.0 105.0
9.0 64.0
59.0 29.0
113.0 112.0
21.0 118.0
62.0 5.0
93.0 92.0
9.0 17.0
17.0 13.0
33.0 43.0
79.0 43.0
42.0 41.0
7.0 3.0
72.0 107.0
113.0 112.0
34.0 104.0
22.0 74.0
73.0 98.0
94.0 72.0
102.0 103.0
17.0 14.0
108.0 107.0
94.0 72.0
3.0 9.0
3.0 10.0
3.0 20.0
107.0 120.0
14.0 20.0
118.0 21.0
13.0 19.0
79.0 106.0
52.0 82.0
93.0 92.0
94.0 72.0
82.0 52.0
20.0 7.0
42.0 39.0
98.0 100.0
43.0 45.0
79.0 78.0
113.0 112.0
79.0 72.0
14.0 20.0
110.0 114.0
100.0 99.0
113.0 102.0
23.0 72.0
100.0 95.0
5.0 6.0
15.0 3.0
72.0 70.0
118.0 119.0
14.0 3.0
79.0 78.0
14.0 20.0
76.0 72.0
38.0 58.0
62.0 63.0
5.0 9.0
77.0 26.0
0.0 10.0
77.0 80.0
84.0 85.0
112.0 116.0
65.0 13.0
13.0 69.0
87.0 81.0
34.0 43.0
84.0 27.0
79.0 78.0
43.0 44.0
72.0 105.0
3.0 20.0
20.0 66.0
29.0 59.0
1.0 50.0
34.0 104.0
83.0 85.0
24.0 23.0
34.0 104.0
79.0 78.0
5.0 119.0
112.0 116.0
12.0 66.0
83.0 85.0
24.0 23.0
64.0 40.0
29.0 31.0
54.0 55.0
102.0 111.0
99.0 95.0
5.0 62.0
29.0 59.0
66.0 67.0
24.0 59.0
114.0 110.0
50.0 57.0
3.0 9.0
17.0 9.0
55.0 54.0
51.0 24.0
83.0 85.0
13.0 65.0
20.0 13.0
29.0 32.0
9.0 17.0
75.0 77.0
29.0 51.0
34.0 33.0
29.0 59.0
35.0 26.0
24.0 51.0
3.0 20.0
13.0 19.0
62.0 63.0
37.0 94.0
66.0 67.0
26.0 77.0
92.0 93.0
35.0 26.0
17.0 14.0
4.0 3.0
59.0 29.0
13.0 19.0
26.0 77.0
59.0 32.0
35.0 26.0
38.0 40.0
14.0 17.0
36.0 72.0
40.0 57.0
84.0 85.0
20.0 13.0
112.0 116.0
85.0 84.0
66.0 67.0
29.0 59.0
56.0 53.0
10.0 0.0
78.0 79.0
66.0 67.0
83.0 34.0
83.0 85.0
1.0 50.0
52.0 89.0
17.0 13.0
23.0 61.0
90.0 37.0
38.0 40.0
66.0 13.0
9.0 13.0
9.0 13.0
80.0 77.0
14.0 17.0
16.0 14.0
69.0 65.0
24.0 23.0
69.0 65.0
79.0 106.0
12.0 14.0
32.0 110.0
17.0 14.0
105.0 72.0
42.0 41.0
91.0 76.0
42.0 39.0
103.0 102.0
59.0 49.0
3.0 13.0
100.0 97.0
20.0 14.0
51.0 24.0
71.0 23.0
43.0 44.0
20.0 14.0
28.0 32.0
54.0 55.0
118.0 119.0
112.0 113.0
94.0 72.0
47.0 46.0
20.0 13.0
7.0 4.0
3.0 18.0
3.0 18.0
20.0 3.0
24.0 23.0
111.0 60.0
58.0 101.0
20.0 3.0
3.0 18.0
79.0 43.0
32.0 110.0
51.0 29.0
14.0 20.0
94.0 72.0
9.0 17.0
5.0 7.0
78.0 79.0
17.0 14.0
24.0 34.0
29.0 59.0
20.0 14.0
73.0 98.0
12.0 14.0
118.0 119.0
10.0 0.0
29.0 32.0
31.0 29.0
18.0 3.0
42.0 39.0
29.0 31.0
3.0 8.0
29.0 59.0
26.0 35.0
24.0 23.0
20.0 13.0
29.0 59.0
10.0 8.0
10.0 0.0
82.0 52.0
42.0 39.0
47.0 46.0
51.0 29.0
79.0 43.0
19.0 18.0
7.0 4.0
94.0 72.0
72.0 70.0
3.0 18.0
72.0 107.0
47.0 46.0
4.0 7.0
118.0 119.0
10.0 0.0
39.0 42.0
20.0 13.0
66.0 74.0
112.0 113.0
111.0 60.0
45.0 44.0
54.0 55.0
3.0 18.0
73.0 98.0
118.0 119.0
9.0 17.0
69.0 65.0
58.0 101.0
79.0 78.0
20.0 14.0
3.0 4.0
34.0 24.0
14.0 20.0
77.0 72.0
7.0 6.0
5.0 7.0
33.0 34.0
42.0 41.0
79.0 43.0
20.0 14.0
14.0 3.0
94.0 72.0
3.0 18.0
105.0 72.0
43.0 44.0
71.0 29.0
20.0 3.0
29.0 32.0
103.0 102.0
51.0 24.0
118.0 21.0
118.0 21.0
13.0 12.0
3.0 13.0
118.0 21.0
20.0 14.0
20.0 14.0
5.0 2.0
31.0 28.0
111.0 28.0
59.0 29.0
29.0 59.0
32.0 59.0
27.0 32.0
7.0 5.0
10.0 0.0
39.0 109.0
3.0 18.0
5.0 62.0
7.0 5.0
10.0 0.0
110.0 114.0
64.0 62.0
10.0 8.0
7.0 4.0
3.0 21.0
3.0 18.0
3.0 4.0
54.0 55.0
61.0 42.0
27.0 32.0
66.0 67.0
92.0 93.0
34.0 104.0
21.0 118.0
33.0 43.0
99.0 43.0
77.0 26.0
0.0 10.0
51.0 29.0
55.0 54.0
3.0 20.0
81.0 84.0
7.0 4.0
34.0 96.0
15.0 27.0
114.0 110.0
7.0 4.0
64.0 5.0
93.0 92.0
74.0 77.0
20.0 13.0
20.0 14.0
78.0 68.0
1.0 50.0
72.0 70.0
74.0 72.0
115.0 39.0
115.0 39.0
38.0 109.0
0.0 5.0
39.0 6.0
72.0 71.0
17.0 9.0
71.0 23.0
20.0 14.0
71.0 23.0
9.0 17.0
3.0 7.0
73.0 98.0
73.0 98.0
111.0 29.0
51.0 29.0
24.0 51.0
118.0 3.0
60.0 111.0
13.0 19.0
65.0 13.0
17.0 13.0
43.0 78.0
11.0 5.0
118.0 3.0
32.0 50.0
19.0 13.0
93.0 119.0
35.0 26.0
43.0 45.0
105.0 72.0
2.0 5.0
113.0 102.0
114.0 110.0
21.0 118.0
93.0 92.0
79.0 90.0
119.0 118.0
5.0 63.0
65.0 13.0
93.0 92.0
96.0 79.0
75.0 96.0
12.0 13.0
14.0 17.0
13.0 65.0
66.0 7.0
104.0 34.0
72.0 70.0
59.0 29.0
105.0 106.0
105.0 106.0
13.0 65.0
70.0 72.0
85.0 84.0
103.0 106.0
13.0 20.0
73.0 78.0
93.0 92.0
69.0 65.0
18.0 12.0
118.0 21.0
108.0 107.0
77.0 80.0
118.0 119.0
1.0 50.0
88.0 86.0
9.0 17.0
69.0 65.0
9.0 17.0
94.0 72.0
93.0 92.0
7.0 3.0
93.0 92.0
93.0 92.0
49.0 16.0
93.0 92.0
50.0 57.0
29.0 28.0
105.0 72.0
3.0 20.0
54.0 55.0
118.0 87.0
93.0 92.0
103.0 102.0
112.0 116.0
59.0 32.0
59.0 111.0
1.0 9.0
118.0 21.0
1.0 8.0
49.0 65.0
79.0 78.0
69.0 65.0
110.0 32.0
109.0 115.0
102.0 113.0
81.0 53.0
119.0 118.0
80.0 77.0
79.0 43.0
95.0 78.0
94.0 72.0
118.0 119.0
78.0 79.0
93.0 119.0
97.0 100.0
73.0 78.0
94.0 72.0
97.0 100.0
102.0 103.0
9.0 5.0
3.0 18.0
0.0 10.0
3.0 4.0
51.0 85.0
19.0 13.0
59.0 48.0
10.0 0.0
3.0 4.0
19.0 118.0
5.0 11.0
5.0 6.0
113.0 112.0
118.0 21.0
40.0 42.0
3.0 4.0
53.0 56.0
4.0 7.0
110.0 32.0
9.0 17.0
4.0 3.0
14.0 17.0
55.0 111.0
4.0 30.0
4.0 10.0
10.0 9.0
85.0 84.0
31.0 28.0
7.0 5.0
13.0 65.0
118.0 21.0
31.0 28.0
31.0 30.0
3.0 4.0
73.0 98.0
7.0 20.0
77.0 26.0
77.0 26.0
117.0 119.0
107.0 72.0
94.0 72.0
73.0 98.0
45.0 43.0
80.0 77.0
72.0 70.0
72.0 70.0
105.0 72.0
114.0 110.0
53.0 84.0
33.0 43.0
59.0 29.0
78.0 79.0
113.0 112.0
20.0 15.0
93.0 92.0
5.0 6.0
113.0 112.0
118.0 21.0
81.0 86.0
113.0 112.0
72.0 94.0
14.0 17.0
17.0 13.0
70.0 72.0
72.0 70.0
115.0 109.0
100.0 95.0
73.0 98.0
7.0 9.0
32.0 110.0
118.0 119.0
112.0 116.0
93.0 92.0
5.0 61.0
77.0 80.0
3.0 17.0
7.0 20.0
117.0 119.0
113.0 112.0
34.0 76.0
3.0 14.0
93.0 92.0
105.0 72.0
113.0 112.0
42.0 39.0
77.0 80.0
93.0 92.0
36.0 72.0
20.0 66.0
70.0 72.0
62.0 11.0
118.0 119.0
16.0 60.0
14.0 17.0
102.0 113.0
29.0 51.0
72.0 100.0
113.0 112.0
117.0 119.0
72.0 70.0
3.0 17.0
10.0 0.0
78.0 68.0
32.0 111.0
66.0 118.0
94.0 107.0
51.0 84.0
14.0 17.0
118.0 21.0
79.0 78.0
77.0 91.0
7.0 4.0
113.0 112.0
44.0 43.0
20.0 14.0
30.0 25.0
29.0 60.0
18.0 3.0
19.0 13.0
17.0 14.0
113.0 112.0
118.0 119.0
45.0 43.0
3.0 19.0
118.0 21.0
104.0 97.0
110.0 114.0
103.0 102.0
44.0 43.0
111.0 110.0
70.0 72.0
4.0 7.0
36.0 72.0
4.0 7.0
33.0 43.0
5.0 2.0
59.0 29.0
2.0 5.0
63.0 62.0
2.0 63.0
110.0 114.0
22.0 3.0
43.0 45.0
105.0 72.0
32.0 60.0
29.0 31.0
84.0 85.0
43.0 45.0
85.0 84.0
7.0 4.0
35.0 51.0
93.0 119.0
100.0 96.0
78.0 79.0
32.0 50.0
15.0 27.0
79.0 90.0
93.0 92.0
21.0 118.0
114.0 110.0
93.0 92.0
14.0 20.0
5.0 62.0
90.0 37.0
105.0 107.0
65.0 86.0
49.0 58.0
40.0 42.0
72.0 36.0
81.0 87.0
51.0 35.0
54.0 52.0
87.0 81.0
18.0 3.0
82.0 52.0
79.0 78.0
13.0 20.0
13.0 20.0
3.0 20.0
95.0 99.0
3.0 20.0
14.0 13.0
95.0 99.0
65.0 13.0
21.0 118.0
14.0 30.0
99.0 95.0
73.0 98.0
100.0 97.0
20.0 13.0
29.0 59.0
77.0 78.0
20.0 13.0
79.0 78.0
97.0 98.0
113.0 102.0
7.0 20.0
48.0 59.0
74.0 91.0
71.0 23.0
5.0 42.0
59.0 29.0
82.0 52.0
46.0 47.0
2.0 62.0
82.0 52.0
8.0 50.0
90.0 37.0
55.0 54.0
8.0 15.0
22.0 3.0
5.0 2.0
116.0 112.0
55.0 54.0
35.0 26.0
35.0 26.0
26.0 35.0
71.0 23.0
112.0 116.0
23.0 25.0
47.0 34.0
85.0 83.0
86.0 84.0
85.0 83.0
24.0 51.0
76.0 91.0
120.0 117.0
59.0 55.0
76.0 91.0
24.0 51.0
105.0 106.0
50.0 57.0
53.0 56.0
36.0 108.0
17.0 13.0
80.0 78.0
14.0 17.0
66.0 67.0
35.0 26.0
66.0 67.0
35.0 26.0
94.0 72.0
23.0 25.0
17.0 13.0
7.0 66.0
32.0 59.0
87.0 81.0
29.0 59.0
3.0 20.0
7.0 66.0
7.0 4.0
56.0 24.0
62.0 64.0
105.0 72.0
71.0 23.0
6.0 7.0
112.0 113.0
60.0 16.0
58.0 48.0
48.0 115.0
16.0 60.0
103.0 106.0
0.0 10.0
12.0 3.0
42.0 38.0
29.0 31.0
5.0 2.0
59.0 32.0
9.0 3.0
59.0 29.0
59.0 32.0
2.0 5.0
29.0 31.0
50.0 57.0
42.0 41.0
54.0 55.0
113.0 112.0
118.0 21.0
33.0 43.0
13.0 65.0
112.0 113.0
4.0 3.0
52.0 54.0
14.0 17.0
20.0 14.0
23.0 55.0
37.0 36.0
52.0 89.0
22.0 3.0
7.0 105.0
7.0 5.0
59.0 29.0
14.0 17.0
33.0 95.0
82.0 52.0
22.0 3.0
66.0 67.0
29.0 59.0
79.0 78.0
20.0 14.0
90.0 37.0
68.0 80.0
98.0 73.0
20.0 3.0
29.0 59.0
13.0 68.0
13.0 65.0
29.0 59.0
20.0 14.0
118.0 119.0
4.0 8.0
31.0 28.0
41.0 9.0
51.0 29.0
29.0 59.0
16.0 14.0
43.0 44.0
13.0 17.0
14.0 17.0
51.0 29.0
66.0 67.0
2.0 5.0
26.0 35.0
71.0 23.0
83.0 78.0
7.0 6.0
43.0 44.0
73.0 78.0
59.0 29.0
52.0 55.0
70.0 72.0
22.0 20.0
32.0 110.0
55.0 54.0
85.0 84.0
90.0 37.0
93.0 119.0
83.0 85.0
55.0 54.0
53.0 56.0
84.0 85.0
29.0 59.0
118.0 87.0
105.0 72.0
79.0 106.0
118.0 21.0
93.0 92.0
50.0 57.0
118.0 19.0
38.0 40.0
111.0 60.0
20.0 3.0
13.0 9.0
60.0 111.0
13.0 65.0
20.0 14.0
88.0 85.0
66.0 3.0
93.0 92.0
10.0 0.0
49.0 13.0
34.0 104.0
65.0 13.0
29.0 50.0
31.0 28.0
14.0 17.0
44.0 45.0
7.0 30.0
1.0 50.0
14.0 3.0
31.0 3.0
1.0 50.0
3.0 27.0
13.0 19.0
17.0 9.0
37.0 94.0
66.0 13.0
28.0 29.0
4.0 7.0
111.0 59.0
59.0 32.0
2.0 62.0
111.0 28.0
59.0 29.0
29.0 31.0
5.0 61.0
32.0 110.0
27.0 32.0
111.0 60.0
20.0 14.0
29.0 59.0
29.0 59.0
20.0 14.0
32.0 111.0
115.0 109.0
5.0 61.0
39.0 42.0
19.0 3.0
113.0 112.0
14.0 20.0
102.0 103.0
111.0 60.0
14.0 20.0
112.0 113.0
14.0 20.0
64.0 62.0
113.0 112.0
3.0 18.0
103.0 102.0
84.0 81.0
7.0 5.0
28.0 29.0
58.0 48.0
29.0 51.0
28.0 31.0
34.0 104.0
94.0 105.0
41.0 42.0
3.0 20.0
79.0 106.0
7.0 6.0
94.0 72.0
10.0 4.0
82.0 52.0
93.0 92.0
13.0 118.0
22.0 74.0
20.0 14.0
118.0 21.0
45.0 43.0
73.0 98.0
60.0 3.0
72.0 70.0
118.0 119.0
72.0 70.0
75.0 43.0
36.0 71.0
70.0 72.0
73.0 98.0
93.0 92.0
72.0 70.0
42.0 39.0
32.0 110.0
42.0 39.0
5.0 62.0
110.0 55.0
111.0 60.0
74.0 75.0
37.0 94.0
19.0 13.0
116.0 112.0
119.0 118.0
23.0 72.0
72.0 70.0
13.0 12.0
20.0 14.0
79.0 78.0
105.0 106.0
72.0 91.0
3.0 10.0
113.0 112.0
4.0 3.0
113.0 112.0
41.0 42.0
17.0 9.0
37.0 90.0
113.0 112.0
105.0 72.0
117.0 119.0
93.0 34.0
5.0 61.0
20.0 14.0
118.0 119.0
16.0 20.0
3.0 4.0
43.0 45.0
29.0 28.0
94.0 72.0
72.0 70.0
75.0 43.0
117.0 119.0
112.0 113.0
72.0 70.0
3.0 16.0
113.0 112.0
79.0 100.0
20.0 14.0
79.0 43.0
79.0 78.0
103.0 102.0
77.0 26.0
80.0 76.0
70.0 72.0
107.0 72.0
113.0 112.0
36.0 76.0
105.0 108.0
17.0 14.0
88.0 89.0
41.0 42.0
102.0 103.0
17.0 9.0
14.0 17.0
34.0 104.0
93.0 92.0
14.0 20.0
107.0 72.0
118.0 21.0
34.0 104.0
13.0 19.0
73.0 98.0
79.0 100.0
82.0 52.0
20.0 3.0
93.0 92.0
32.0 59.0
84.0 81.0
94.0 72.0
0.0 10.0
117.0 118.0
34.0 66.0
29.0 49.0
59.0 29.0
20.0 7.0
71.0 72.0
74.0 22.0
100.0 99.0
72.0 105.0
100.0 96.0
62.0 64.0
31.0 28.0
29.0 51.0
42.0 39.0
36.0 71.0
71.0 36.0
71.0 72.0
39.0 109.0
80.0 77.0
13.0 65.0
20.0 14.0
55.0 54.0
84.0 85.0
82.0 52.0
29.0 59.0
83.0 85.0
88.0 106.0
101.0 52.0
51.0 29.0
3.0 19.0
95.0 100.0
1.0 50.0
7.0 13.0
84.0 85.0
99.0 95.0
22.0 18.0
13.0 65.0
20.0 22.0
20.0 13.0
13.0 66.0
34.0 104.0
86.0 85.0
53.0 56.0
53.0 56.0
66.0 67.0
53.0 58.0
1.0 50.0
52.0 82.0
43.0 33.0
69.0 65.0
3.0 19.0
3.0 49.0
25.0 23.0
3.0 49.0
35.0 26.0
29.0 50.0
53.0 56.0
103.0 102.0
56.0 53.0
47.0 46.0
94.0 72.0
17.0 14.0
90.0 37.0
14.0 20.0
4.0 7.0
64.0 62.0
113.0 112.0
56.0 53.0
17.0 14.0
112.0 113.0
5.0 7.0
99.0 95.0
112.0 116.0
95.0 73.0
112.0 116.0
73.0 98.0
110.0 55.0
84.0 59.0
17.0 9.0
13.0 65.0
3.0 16.0
113.0 112.0
4.0 3.0
41.0 42.0
3.0 30.0
27.0 32.0
29.0 59.0
29.0 59.0
118.0 21.0
7.0 4.0
29.0 59.0
39.0 115.0
60.0 32.0
58.0 48.0
65.0 53.0
9.0 17.0
20.0 3.0
10.0 8.0
4.0 3.0
29.0 60.0
113.0 112.0
51.0 24.0
113.0 112.0
17.0 14.0
3.0 20.0
59.0 55.0
42.0 39.0
110.0 114.0
93.0 92.0
93.0 92.0
20.0 3.0
66.0 67.0
113.0 112.0
29.0 59.0
70.0 72.0
37.0 91.0
20.0 3.0
113.0 112.0
113.0 112.0
19.0 3.0
113.0 112.0
20.0 12.0
51.0 24.0
23.0 71.0
23.0 24.0
13.0 14.0
20.0 14.0
14.0 20.0
83.0 99.0
81.0 84.0
85.0 89.0
45.0 43.0
105.0 72.0
66.0 67.0
66.0 67.0
73.0 98.0
49.0 3.0
29.0 59.0
29.0 59.0
12.0 13.0
29.0 59.0
84.0 85.0
20.0 3.0
105.0 106.0
49.0 13.0
46.0 47.0
39.0 42.0
56.0 25.0
39.0 42.0
93.0 92.0
79.0 43.0
10.0 8.0
3.0 18.0
17.0 14.0
83.0 86.0
72.0 70.0
84.0 27.0
9.0 17.0
21.0 19.0
44.0 43.0
35.0 101.0
57.0 50.0
71.0 23.0
32.0 59.0
5.0 61.0
91.0 94.0
3.0 12.0
16.0 60.0
59.0 29.0
29.0 31.0
59.0 48.0
84.0 81.0
31.0 28.0
5.0 61.0
29.0 59.0
32.0 59.0
103.0 102.0
27.0 32.0
29.0 31.0
7.0 5.0
14.0 20.0
10.0 0.0
3.0 17.0
54.0 55.0
5.0 62.0
55.0 54.0
7.0 4.0
11.0 5.0
3.0 4.0
14.0 20.0
103.0 101.0
3.0 7.0
66.0 67.0
118.0 21.0
73.0 120.0
99.0 43.0
103.0 102.0
42.0 40.0
17.0 14.0
52.0 89.0
76.0 105.0
45.0 43.0
32.0 110.0
119.0 93.0
94.0 72.0
105.0 72.0
3.0 18.0
27.0 32.0
82.0 84.0
90.0 37.0
79.0 43.0
79.0 74.0
72.0 94.0
100.0 76.0
118.0 119.0
37.0 91.0
79.0 74.0
70.0 72.0
75.0 74.0
79.0 43.0
72.0 105.0
97.0 100.0
29.0 59.0
93.0 92.0
112.0 113.0
74.0 91.0
72.0 108.0
29.0 59.0
17.0 14.0
20.0 3.0
42.0 39.0
80.0 91.0
55.0 54.0
3.0 17.0
90.0 37.0
9.0 17.0
6.0 7.0
14.0 20.0
3.0 20.0
70.0 72.0
94.0 72.0
118.0 119.0
21.0 118.0
44.0 43.0
34.0 104.0
17.0 14.0
82.0 101.0
20.0 7.0
14.0 20.0
21.0 7.0
117.0 119.0
79.0 72.0
113.0 112.0
100.0 96.0
49.0 29.0
74.0 91.0
117.0 119.0
79.0 78.0
107.0 120.0
41.0 42.0
20.0 66.0
9.0 13.0
93.0 92.0
103.0 102.0
44.0 43.0
102.0 113.0
72.0 70.0
84.0 87.0
119.0 117.0
2.0 63.0
93.0 92.0
100.0 95.0
73.0 98.0
52.0 89.0
118.0 21.0
93.0 92.0
17.0 9.0
0.0 10.0
82.0 52.0
94.0 72.0
72.0 94.0
77.0 80.0
62.0 11.0
79.0 106.0
16.0 60.0
105.0 72.0
5.0 63.0
118.0 119.0
119.0 117.0
102.0 113.0
113.0 112.0
93.0 92.0
49.0 16.0
93.0 92.0
72.0 36.0
51.0 84.0
118.0 21.0
70.0 72.0
14.0 20.0
14.0 20.0
79.0 78.0
118.0 119.0
112.0 113.0
118.0 119.0
25.0 56.0
62.0 5.0
63.0 2.0
35.0 26.0
3.0 4.0
14.0 3.0
113.0 112.0
91.0 71.0
10.0 5.0
113.0 112.0
45.0 43.0
64.0 38.0
106.0 79.0
113.0 112.0
17.0 14.0
118.0 119.0
93.0 46.0
72.0 70.0
68.0 77.0
67.0 66.0
22.0 74.0
82.0 52.0
109.0 39.0
5.0 2.0
14.0 20.0
16.0 60.0
35.0 51.0
59.0 29.0
16.0 60.0
12.0 13.0
1.0 50.0
4.0 7.0
93.0 92.0
75.0 61.0
13.0 19.0
16.0 3.0
5.0 6.0
113.0 112.0
36.0 71.0
19.0 87.0
17.0 9.0
9.0 17.0
7.0 16.0
105.0 106.0
50.0 57.0
20.0 13.0
13.0 19.0
41.0 42.0
93.0 46.0
54.0 55.0
0.0 10.0
100.0 79.0
71.0 36.0
14.0 17.0
84.0 55.0
83.0 88.0
7.0 3.0
71.0 36.0
38.0 40.0
14.0 20.0
79.0 78.0
20.0 14.0
29.0 59.0
79.0 78.0
3.0 4.0
7.0 4.0
118.0 119.0
29.0 59.0
112.0 116.0
14.0 20.0
29.0 59.0
42.0 39.0
59.0 32.0
16.0 3.0
115.0 39.0
65.0 13.0
54.0 55.0
119.0 93.0
35.0 26.0
79.0 78.0
59.0 32.0
20.0 12.0
26.0 35.0
85.0 23.0
14.0 20.0
14.0 20.0
52.0 82.0
23.0 25.0
3.0 14.0
4.0 3.0
72.0 94.0
66.0 67.0
41.0 9.0
73.0 98.0
29.0 59.0
13.0 17.0
69.0 65.0
35.0 26.0
5.0 62.0
119.0 118.0
54.0 55.0
73.0 98.0
7.0 4.0
29.0 59.0
29.0 59.0
60.0 54.0
49.0 84.0
93.0 118.0
14.0 17.0
17.0 13.0
7.0 5.0
30.0 25.0
41.0 38.0
94.0 72.0
80.0 77.0
3.0 16.0
79.0 80.0
93.0 92.0
7.0 6.0
17.0 14.0
117.0 119.0
72.0 70.0
77.0 91.0
118.0 119.0
70.0 72.0
96.0 100.0
93.0 92.0
105.0 106.0
79.0 78.0
79.0 74.0
105.0 36.0
93.0 92.0
94.0 72.0
72.0 94.0
113.0 112.0
118.0 119.0
91.0 74.0
44.0 43.0
10.0 4.0
41.0 42.0
73.0 98.0
113.0 112.0
119.0 117.0
17.0 14.0
20.0 13.0
84.0 60.0
115.0 109.0
14.0 20.0
59.0 32.0
17.0 14.0
27.0 32.0
113.0 112.0
3.0 4.0
81.0 84.0
3.0 18.0
13.0 22.0
42.0 70.0
113.0 112.0
3.0 27.0
14.0 20.0
109.0 112.0
14.0 17.0
113.0 112.0
3.0 9.0
78.0 79.0
105.0 106.0
72.0 91.0
90.0 37.0
105.0 72.0
93.0 92.0
117.0 119.0
112.0 113.0
34.0 120.0
112.0 113.0
94.0 72.0
91.0 23.0
118.0 119.0
3.0 20.0
80.0 77.0
70.0 72.0
113.0 112.0
118.0 119.0
7.0 5.0
113.0 112.0
72.0 70.0
43.0 75.0
0.0 10.0
88.0 89.0
65.0 119.0
41.0 42.0
2.0 62.0
17.0 9.0
79.0 100.0
23.0 24.0
112.0 113.0
29.0 59.0
51.0 35.0
17.0 9.0
72.0 105.0
100.0 96.0
28.0 29.0
105.0 106.0
14.0 20.0
35.0 26.0
100.0 79.0
35.0 26.0
22.0 3.0
13.0 17.0
48.0 60.0
114.0 110.0
112.0 113.0
54.0 55.0
82.0 52.0
2.0 5.0
17.0 9.0
34.0 104.0
66.0 13.0
34.0 33.0
97.0 100.0
43.0 33.0
21.0 118.0
35.0 26.0
21.0 118.0
82.0 83.0
53.0 56.0
14.0 20.0
17.0 9.0
83.0 97.0
7.0 3.0
84.0 27.0
16.0 19.0
20.0 13.0
20.0 4.0
41.0 42.0
42.0 39.0
41.0 42.0
90.0 37.0
13.0 69.0
83.0 86.0
17.0 14.0
4.0 7.0
66.0 67.0
105.0 106.0
20.0 13.0
7.0 66.0
43.0 45.0
7.0 4.0
119.0 118.0
3.0 20.0
82.0 52.0
3.0 30.0
111.0 60.0
109.0 115.0
80.0 79.0
29.0 59.0
105.0 72.0
39.0 115.0
118.0 120.0
91.0 72.0
72.0 70.0
74.0 77.0
105.0 106.0
4.0 3.0
43.0 45.0
111.0 60.0
117.0 119.0
13.0 12.0
44.0 43.0
116.0 112.0
0.0 10.0
89.0 81.0
118.0 87.0
58.0 53.0
36.0 71.0
70.0 72.0
14.0 20.0
3.0 13.0
4.0 3.0
103.0 102.0
42.0 39.0
79.0 78.0
90.0 37.0
118.0 119.0
3.0 4.0
5.0 6.0
93.0 92.0
72.0 94.0
3.0 7.0
41.0 42.0
70.0 72.0
62.0 5.0
90.0 94.0
21.0 118.0
73.0 98.0
70.0 72.0
103.0 102.0
70.0 72.0
94.0 72.0
21.0 118.0
102.0 113.0
119.0 117.0
41.0 42.0
34.0 104.0
2.0 63.0
72.0 70.0
29.0 59.0
33.0 43.0
32.0 27.0
4.0 3.0
17.0 9.0
79.0 72.0
52.0 89.0
41.0 42.0
52.0 89.0
91.0 74.0
119.0 117.0
76.0 105.0
118.0 21.0
74.0 77.0
72.0 36.0
79.0 78.0
107.0 120.0
35.0 85.0
51.0 29.0
17.0 9.0
0.0 10.0
45.0 43.0
93.0 92.0
44.0 43.0
20.0 3.0
104.0 97.0
74.0 66.0
29.0 59.0
60.0 114.0
73.0 78.0
100.0 96.0
49.0 16.0
35.0 51.0
65.0 69.0
35.0 51.0
106.0 105.0
79.0 106.0
84.0 55.0
46.0 47.0
17.0 13.0
46.0 93.0
73.0 98.0
96.0 100.0
84.0 49.0
73.0 98.0
64.0 62.0
17.0 13.0
17.0 9.0
66.0 67.0
93.0 92.0
7.0 22.0
7.0 3.0
29.0 16.0
73.0 98.0
14.0 20.0
36.0 91.0
112.0 113.0
100.0 97.0
59.0 48.0
35.0 26.0
68.0 13.0
21.0 118.0
73.0 98.0
17.0 9.0
93.0 92.0
